Problem: maximum-cost-of-trip-with-k-highways
Submission ID: 1697884599
Submission Time: 2025-07-14 11:16:08
============================================================

State: SUCCESS
Status: Time Limit Exceeded
Language: Python

Runtime: N/A ms
Memory: 323.24 MB

Test Cases: 81/82 passed

Last Test Case:
Input: 15
[[0,1,1],[1,2,1],[2,3,1],[3,4,1],[4,5,1],[5,6,1],[6,7,1],[7,8,1],[8,9,1],[9,10,1],[10,11,1],[11,12,1],[12,13,1],[13,14,1],[0,2,1],[1,3,1],[2,4,1],[3,5,1],[4,6,1],[5,7,1],[6,8,1],[7,9,1],[8,10,1],[9,11,1],[10,12,1],[11,13,1],[12,14,1],[0,3,1],[1,4,1],[2,5,1],[3,6,1],[4,7,1],[5,8,1],[6,9,1],[7,10,1],[8,11,1],[9,12,1],[10,13,1],[11,14,1],[0,4,1],[1,5,1],[2,6,1],[3,7,1],[4,8,1],[5,9,1],[6,10,1],[7,11,1],[8,12,1],[9,13,1],[10,14,1]]
14
Expected: 14

============================================================
RAW SUBMISSION DATA
============================================================
{
  "status_code": 14,
  "lang": "python",
  "run_success": false,
  "status_runtime": "N/A",
  "memory": 323244000,
  "question_id": "2007",
  "elapsed_time": 11038,
  "compare_result": "1111111111111111111111111111111111111111111111111111111111111111111111111111111110",
  "code_output": "",
  "std_output": "",
  "last_testcase": "15\n[[0,1,1],[1,2,1],[2,3,1],[3,4,1],[4,5,1],[5,6,1],[6,7,1],[7,8,1],[8,9,1],[9,10,1],[10,11,1],[11,12,1],[12,13,1],[13,14,1],[0,2,1],[1,3,1],[2,4,1],[3,5,1],[4,6,1],[5,7,1],[6,8,1],[7,9,1],[8,10,1],[9,11,1],[10,12,1],[11,13,1],[12,14,1],[0,3,1],[1,4,1],[2,5,1],[3,6,1],[4,7,1],[5,8,1],[6,9,1],[7,10,1],[8,11,1],[9,12,1],[10,13,1],[11,14,1],[0,4,1],[1,5,1],[2,6,1],[3,7,1],[4,8,1],[5,9,1],[6,10,1],[7,11,1],[8,12,1],[9,13,1],[10,14,1]]\n14",
  "expected_output": "14",
  "task_finish_time": 1752516965615,
  "task_name": "judger.judgetask.Judge",
  "finished": true,
  "total_correct": 81,
  "total_testcases": 82,
  "runtime_percentile": null,
  "status_memory": "N/A",
  "memory_percentile": null,
  "pretty_lang": "Python",
  "submission_id": "1697884599",
  "status_msg": "Time Limit Exceeded",
  "state": "SUCCESS"
}